%YAML:1.0
---
K1: !!opencv-matrix
   rows: 3
   cols: 3
   dt: d
   data: [ 190.97847715128717, 0, 254.93170605935475, 0., 190.9733070521226, 256.8974428996504, 0., 0., 1. ]
K2: !!opencv-matrix
   rows: 3
   cols: 3
   dt: d
   data: [ 190.44236969414825, 0,  252.59949716835982, 
           0.,  190.4344384721956, 254.91723064636983, 
           0., 0., 1. ]
D1: !!opencv-matrix
   rows: 1
   cols: 4
   dt: d
   data: [ 0.0034823894022493434, 0.0007150348452162257, -0.0020532361418706202, 0.00020293673591811182 ]
D2: !!opencv-matrix
   rows: 1
   cols: 4
   dt: d
   data: [ 0.0034003170790442797, 0.001766278153469831, -0.00266312569781606, 0.0003299517423931039 ]
R: !!opencv-matrix
   rows: 3
   cols: 3
   dt: d
   data: [ 0.9999994457734953, -0.0008233639921576076, -0.0006561436136444361,
            0.0007916877528168117, 0.9988994619156757, -0.04689603624058988,
            0.0006940340102242531, 0.04689549078870055, 0.9988995601463054 ]
T: [ -10.106110275180535, -0.19764575873431013, -0.11756424802046581 ]

